      0/19     1.65G    0.0165  0.006414         0   0.02291        18       640    0.9775    0.9343    0.9871    0.7128    0.0419  0.007833         0
      1/19     1.58G   0.01471   0.00598         0   0.02069        18       640     0.967    0.9396    0.9864    0.7041   0.04197  0.007727         0
      2/19     1.58G   0.01503   0.00623         0   0.02126         7       640    0.9689    0.9394    0.9858    0.7027   0.04205   0.00779         0
      3/19     1.58G   0.01573  0.006529         0   0.02226        20       640    0.9655    0.9467     0.987    0.7081   0.04195  0.007702         0
      4/19     1.58G   0.01891  0.006158         0   0.02507        14       640    0.9656    0.9485    0.9841    0.7033   0.04205  0.007841         0
      5/19     1.58G   0.01868  0.006097         0   0.02478        21       640    0.9658     0.952    0.9892    0.7045   0.04233  0.007609         0
      6/19     1.58G   0.01531  0.006337         0   0.02164        15       640    0.9743    0.9432    0.9864    0.6986   0.04208  0.007747         0
      7/19     1.58G   0.01449  0.006327         0   0.02081        15       640    0.9779    0.9449    0.9894    0.7052   0.04204  0.007681         0
      8/19     1.58G   0.01605  0.006164         0   0.02222        10       640    0.9778    0.9377    0.9874    0.6826   0.04247  0.007777         0
      9/19     1.58G   0.01482  0.005975         0    0.0208        28       640    0.9554    0.9556    0.9856     0.704   0.04222  0.007876         0
     10/19     1.58G   0.01643  0.006288         0   0.02272        11       640    0.9507    0.9589    0.9856    0.6966   0.04285  0.008122         0
     11/19     1.58G    0.0178  0.006088         0   0.02389        13       640    0.9658    0.9556    0.9891    0.6989   0.04312  0.008062         0
     12/19     1.58G   0.01433   0.00627         0   0.02061        18       640    0.9509    0.9627    0.9874    0.7007   0.04332  0.007928         0
     13/19     1.58G   0.01609  0.006057         0   0.02215        18       640    0.9759    0.9361    0.9891    0.6924   0.04374  0.007958         0
     14/19     1.58G   0.01499  0.005995         0   0.02098        14       640    0.9572    0.9556    0.9885     0.699   0.04409  0.008014         0
     15/19     1.58G    0.0168  0.006414         0   0.02322        10       640    0.9777    0.9343    0.9843    0.7034   0.04376  0.007946         0
     16/19     1.58G   0.01469   0.00594         0   0.02063        21       640    0.9617    0.9378    0.9844    0.6998   0.04387  0.008139         0
     17/19     1.58G   0.01606  0.006151         0   0.02221        12       640    0.9601    0.9393    0.9854    0.7008   0.04301  0.007912         0
     18/19     1.58G   0.01655  0.005836         0   0.02238        16       640    0.9794    0.9305    0.9868    0.7043   0.04267  0.007905         0
     19/19     1.58G    0.0189  0.006014         0   0.02492        23       640    0.9572    0.9574    0.9853    0.7036   0.04243  0.008123         0
